1546209835.960926,40,28fafb6d8bc012fc30db876992ebc8e3,1546209840.964421
1546209850.922378,40,28fafb6d8bc012fc30db876992ebc8e3,1546209855.933843
1546209868.8560371,41,e250d7a98f00942b40fe934c165fc67b,1546209873.8624299
1546209903.479604,40,05658bbec3131be7434f9a8058db6061,1546209908.509172
1546209922.106595,40,62e4061887465f6e793f8b26994df2f1,1546209927.144199
