1546209827.0569742,40,1260ccb12f91c36262c56a7482119da5,1546209832.063694
1546209848.0267851,41,8f2ed82b4b066a70e2edb7c78b2b1c72,1546209853.0407722
1546209914.325908,40,1260ccb12f91c36262c56a7482119da5,1546209919.356952
